%YAML:1.0
homography: !!opencv-matrix
   rows: 3
   cols: 3
   dt: d
   data: [ 8.6669256623275459e-01, -3.5644257653516120e-01,
       1.8925635981510801e+01, 3.9244650194540159e-01,
       1.2626539627808557e+00, -1.2244330860696523e+02,
       -1.2165397595101710e-05, 1.5752203015322727e-03, 1. ]
