%YAML:1.0
homography: !!opencv-matrix
   rows: 3
   cols: 3
   dt: d
   data: [ 1.8193135658042745e+00, 1.9644762586494832e-01,
       1.1099999999999999e+02, -1.2370609673790794e-01,
       1.6990015641984149e+00, 6.3999999999999879e+01,
       1.0786051743532053e-03, 7.9493093666321857e-04, 1. ]
